
myMatrix( 
1.0 , 2.0 , 1.0 , 
0.0 , 0.0 , 0.0 , 
-1.0 , -2.0 , -1.0 
), 
myMatrix( 
1.01761 , 1.98285 , 0.982695 , 
0.0174577 , 0.0 , -0.0174577 , 
-0.982695 , -1.98285 , -1.01761 
), 
myMatrix( 
1.03555 , 1.96628 , 0.965667 , 
0.034942 , 0.0 , -0.034942 , 
-0.965667 , -1.96628 , -1.03555 
), 
myMatrix( 
1.05385 , 1.95026 , 0.948893 , 
0.0524797 , 0.0 , -0.0524797 , 
-0.948893 , -1.95026 , -1.05385 
), 
myMatrix( 
1.07254 , 1.93479 , 0.932344 , 
0.0700976 , 0.0 , -0.0700976 , 
-0.932344 , -1.93479 , -1.07254 
), 
myMatrix( 
1.09164 , 1.91982 , 0.915997 , 
0.0878228 , 0.0 , -0.0878228 , 
-0.915997 , -1.91982 , -1.09164 
), 
myMatrix( 
1.11119 , 1.90533 , 0.899825 , 
0.105683 , 0.0 , -0.105683 , 
-0.899825 , -1.90533 , -1.11119 
), 
myMatrix( 
1.13122 , 1.89131 , 0.883803 , 
0.123707 , 0.0 , -0.123707 , 
-0.883803 , -1.89131 , -1.13122 
), 
myMatrix( 
1.15175 , 1.87773 , 0.867906 , 
0.141922 , 0.0 , -0.141922 , 
-0.867906 , -1.87773 , -1.15175 
), 
myMatrix( 
1.17282 , 1.86457 , 0.852106 , 
0.160359 , 0.0 , -0.160359 , 
-0.852106 , -1.86457 , -1.17282 
), 
myMatrix( 
1.19447 , 1.85181 , 0.83638 , 
0.179047 , 0.0 , -0.179047 , 
-0.83638 , -1.85181 , -1.19447 
), 
myMatrix( 
1.21674 , 1.83941 , 0.820698 , 
0.198019 , 0.0 , -0.198019 , 
-0.820698 , -1.83941 , -1.21674 
), 
myMatrix( 
1.23965 , 1.82738 , 0.805035 , 
0.217305 , 0.0 , -0.217305 , 
-0.805035 , -1.82738 , -1.23965 
), 
myMatrix( 
1.26325 , 1.81567 , 0.789363 , 
0.236941 , 0.0 , -0.236941 , 
-0.789363 , -1.81567 , -1.26325 
), 
myMatrix( 
1.28757 , 1.80427 , 0.773653 , 
0.256961 , 0.0 , -0.256961 , 
-0.773653 , -1.80427 , -1.28757 
), 
myMatrix( 
1.31268 , 1.79315 , 0.757875 , 
0.277401 , 0.0 , -0.277401 , 
-0.757875 , -1.79315 , -1.31268 
), 
myMatrix( 
1.3386 , 1.7823 , 0.741998 , 
0.298301 , 0.0 , -0.298301 , 
-0.741998 , -1.7823 , -1.3386 
), 
myMatrix( 
1.36539 , 1.77168 , 0.725992 , 
0.3197 , 0.0 , -0.3197 , 
-0.725992 , -1.77168 , -1.36539 
), 
myMatrix( 
1.3931 , 1.76128 , 0.709821 , 
0.341641 , 0.0 , -0.341641 , 
-0.709821 , -1.76128 , -1.3931 
), 
myMatrix( 
1.42179 , 1.75107 , 0.693453 , 
0.364168 , 0.0 , -0.364168 , 
-0.693453 , -1.75107 , -1.42179 
), 
myMatrix( 
1.45151 , 1.74103 , 0.676849 , 
0.387329 , 0.0 , -0.387329 , 
-0.676849 , -1.74103 , -1.45151 
), 
myMatrix( 
1.48232 , 1.73112 , 0.659971 , 
0.411174 , 0.0 , -0.411174 , 
-0.659971 , -1.73112 , -1.48232 
), 
myMatrix( 
1.51429 , 1.72131 , 0.642779 , 
0.435756 , 0.0 , -0.435756 , 
-0.642779 , -1.72131 , -1.51429 
), 
myMatrix( 
1.54749 , 1.71159 , 0.625228 , 
0.461133 , 0.0 , -0.461133 , 
-0.625228 , -1.71159 , -1.54749 
), 
myMatrix( 
1.582 , 1.70191 , 0.607273 , 
0.487363 , 0.0 , -0.487363 , 
-0.607273 , -1.70191 , -1.582 
), 
myMatrix( 
1.61789 , 1.69224 , 0.588865 , 
0.514513 , 0.0 , -0.514513 , 
-0.588865 , -1.69224 , -1.61789 
), 
myMatrix( 
1.65525 , 1.68255 , 0.56995 , 
0.542652 , 0.0 , -0.542652 , 
-0.56995 , -1.68255 , -1.65525 
), 
myMatrix( 
1.69418 , 1.6728 , 0.550472 , 
0.571854 , 0.0 , -0.571854 , 
-0.550472 , -1.6728 , -1.69418 
), 
myMatrix( 
1.73477 , 1.66294 , 0.530372 , 
0.602198 , 0.0 , -0.602198 , 
-0.530372 , -1.66294 , -1.73477 
), 
myMatrix( 
1.77713 , 1.65294 , 0.509583 , 
0.633772 , 0.0 , -0.633772 , 
-0.509583 , -1.65294 , -1.77713 
), 
myMatrix( 
1.82137 , 1.64273 , 0.488034 , 
0.666667 , 0.0 , -0.666667 , 
-0.488034 , -1.64273 , -1.82137 
), 
myMatrix( 
1.86762 , 1.63228 , 0.465649 , 
0.700984 , 0.0 , -0.700984 , 
-0.465649 , -1.63228 , -1.86762 
), 
myMatrix( 
1.91601 , 1.62152 , 0.442346 , 
0.736832 , 0.0 , -0.736832 , 
-0.442346 , -1.62152 , -1.91601 
), 
myMatrix( 
1.96669 , 1.6104 , 0.418033 , 
0.77433 , 0.0 , -0.77433 , 
-0.418033 , -1.6104 , -1.96669 
), 
myMatrix( 
2.01982 , 1.59883 , 0.392614 , 
0.813604 , 0.0 , -0.813604 , 
-0.392614 , -1.59883 , -2.01982 
), 
myMatrix( 
2.07557 , 1.58675 , 0.365979 , 
0.854796 , 0.0 , -0.854796 , 
-0.365979 , -1.58675 , -2.07557 
), 
myMatrix( 
2.13412 , 1.57408 , 0.338012 , 
0.898056 , 0.0 , -0.898056 , 
-0.338012 , -1.57408 , -2.13412 
), 
myMatrix( 
2.19569 , 1.56072 , 0.308584 , 
0.943551 , 0.0 , -0.943551 , 
-0.308584 , -1.56072 , -2.19569 
), 
myMatrix( 
2.26048 , 1.54657 , 0.277552 , 
0.991466 , 0.0 , -0.991466 , 
-0.277552 , -1.54657 , -2.26048 
), 
myMatrix( 
2.32876 , 1.53152 , 0.244762 , 
1.042 , 0.0 , -1.042 , 
-0.244762 , -1.53152 , -2.32876 
), 
myMatrix( 
2.40077 , 1.51545 , 0.210041 , 
1.09537 , 0.0 , -1.09537 , 
-0.210041 , -1.51545 , -2.40077 
), 
myMatrix( 
2.47683 , 1.49821 , 0.173197 , 
1.15182 , 0.0 , -1.15182 , 
-0.173197 , -1.49821 , -2.47683 
), 
myMatrix( 
2.55725 , 1.47965 , 0.134019 , 
1.21161 , 0.0 , -1.21161 , 
-0.134019 , -1.47965 , -2.55725 
), 
myMatrix( 
2.64238 , 1.4596 , 0.0922738 , 
1.27505 , 0.0 , -1.27505 , 
-0.0922738 , -1.4596 , -2.64238 
), 
myMatrix( 
2.73263 , 1.43786 , 0.0476982 , 
1.34247 , 0.0 , -1.34247 , 
-0.0476982 , -1.43786 , -2.73263 
), 
myMatrix( 
2.82843 , 1.41421 , 0.0 , 
1.41421 , 0.0 , -1.41421 , 
0.0 , -1.41421 , -2.82843 
), 
myMatrix( 
2.73263 , 1.34247 , -0.0476982 , 
1.43786 , 0.0 , -1.43786 , 
0.0476982 , -1.34247 , -2.73263 
), 
myMatrix( 
2.64238 , 1.27505 , -0.0922738 , 
1.4596 , 0.0 , -1.4596 , 
0.0922738 , -1.27505 , -2.64238 
), 
myMatrix( 
2.55725 , 1.21161 , -0.13402 , 
1.47965 , 0.0 , -1.47965 , 
0.13402 , -1.21161 , -2.55725 
), 
myMatrix( 
2.47683 , 1.15182 , -0.173197 , 
1.49821 , 0.0 , -1.49821 , 
0.173197 , -1.15182 , -2.47683 
), 
myMatrix( 
2.40077 , 1.09537 , -0.21004 , 
1.51545 , 0.0 , -1.51545 , 
0.21004 , -1.09537 , -2.40077 
), 
myMatrix( 
2.32876 , 1.042 , -0.244762 , 
1.53152 , 0.0 , -1.53152 , 
0.244762 , -1.042 , -2.32876 
), 
myMatrix( 
2.26048 , 0.991466 , -0.277552 , 
1.54657 , 0.0 , -1.54657 , 
0.277552 , -0.991466 , -2.26048 
), 
myMatrix( 
2.19569 , 0.943552 , -0.308584 , 
1.56072 , 0.0 , -1.56072 , 
0.308584 , -0.943552 , -2.19569 
), 
myMatrix( 
2.13412 , 0.898056 , -0.338012 , 
1.57408 , 0.0 , -1.57408 , 
0.338012 , -0.898056 , -2.13412 
), 
myMatrix( 
2.07557 , 0.854796 , -0.365979 , 
1.58675 , 0.0 , -1.58675 , 
0.365979 , -0.854796 , -2.07557 
), 
myMatrix( 
2.01982 , 0.813604 , -0.392614 , 
1.59883 , 0.0 , -1.59883 , 
0.392614 , -0.813604 , -2.01982 
), 
myMatrix( 
1.96669 , 0.774329 , -0.418034 , 
1.6104 , 0.0 , -1.6104 , 
0.418034 , -0.774329 , -1.96669 
), 
myMatrix( 
1.91601 , 0.736832 , -0.442346 , 
1.62152 , 0.0 , -1.62152 , 
0.442346 , -0.736832 , -1.91601 
), 
myMatrix( 
1.86762 , 0.700984 , -0.465649 , 
1.63228 , 0.0 , -1.63228 , 
0.465649 , -0.700984 , -1.86762 
), 
myMatrix( 
1.82137 , 0.666667 , -0.488034 , 
1.64273 , 0.0 , -1.64273 , 
0.488034 , -0.666667 , -1.82137 
), 
myMatrix( 
1.77713 , 0.633772 , -0.509583 , 
1.65294 , 0.0 , -1.65294 , 
0.509583 , -0.633772 , -1.77713 
), 
myMatrix( 
1.73477 , 0.602198 , -0.530372 , 
1.66294 , 0.0 , -1.66294 , 
0.530372 , -0.602198 , -1.73477 
), 
myMatrix( 
1.69418 , 0.571854 , -0.550472 , 
1.6728 , 0.0 , -1.6728 , 
0.550472 , -0.571854 , -1.69418 
), 
myMatrix( 
1.65525 , 0.542652 , -0.56995 , 
1.68255 , 0.0 , -1.68255 , 
0.56995 , -0.542652 , -1.65525 
), 
myMatrix( 
1.61789 , 0.514514 , -0.588864 , 
1.69224 , 0.0 , -1.69224 , 
0.588864 , -0.514514 , -1.61789 
), 
myMatrix( 
1.582 , 0.487363 , -0.607273 , 
1.70191 , 0.0 , -1.70191 , 
0.607273 , -0.487363 , -1.582 
), 
myMatrix( 
1.54749 , 0.461133 , -0.625228 , 
1.71159 , 0.0 , -1.71159 , 
0.625228 , -0.461133 , -1.54749 
), 
myMatrix( 
1.51429 , 0.435756 , -0.642779 , 
1.72131 , 0.0 , -1.72131 , 
0.642779 , -0.435756 , -1.51429 
), 
myMatrix( 
1.48232 , 0.411174 , -0.659971 , 
1.73112 , 0.0 , -1.73112 , 
0.659971 , -0.411174 , -1.48232 
), 
myMatrix( 
1.45151 , 0.387329 , -0.676849 , 
1.74103 , 0.0 , -1.74103 , 
0.676849 , -0.387329 , -1.45151 
), 
myMatrix( 
1.42179 , 0.364168 , -0.693453 , 
1.75107 , 0.0 , -1.75107 , 
0.693453 , -0.364168 , -1.42179 
), 
myMatrix( 
1.3931 , 0.341641 , -0.709821 , 
1.76128 , 0.0 , -1.76128 , 
0.709821 , -0.341641 , -1.3931 
), 
myMatrix( 
1.36539 , 0.3197 , -0.725992 , 
1.77168 , 0.0 , -1.77168 , 
0.725992 , -0.3197 , -1.36539 
), 
myMatrix( 
1.3386 , 0.298301 , -0.741998 , 
1.7823 , 0.0 , -1.7823 , 
0.741998 , -0.298301 , -1.3386 
), 
myMatrix( 
1.31268 , 0.277402 , -0.757875 , 
1.79315 , 0.0 , -1.79315 , 
0.757875 , -0.277402 , -1.31268 
), 
myMatrix( 
1.28757 , 0.256961 , -0.773653 , 
1.80427 , 0.0 , -1.80427 , 
0.773653 , -0.256961 , -1.28757 
), 
myMatrix( 
1.26325 , 0.236941 , -0.789363 , 
1.81567 , 0.0 , -1.81567 , 
0.789363 , -0.236941 , -1.26325 
), 
myMatrix( 
1.23965 , 0.217305 , -0.805035 , 
1.82738 , 0.0 , -1.82738 , 
0.805035 , -0.217305 , -1.23965 
), 
myMatrix( 
1.21674 , 0.198018 , -0.820698 , 
1.83941 , 0.0 , -1.83941 , 
0.820698 , -0.198018 , -1.21674 
), 
myMatrix( 
1.19447 , 0.179047 , -0.83638 , 
1.85181 , 0.0 , -1.85181 , 
0.83638 , -0.179047 , -1.19447 
), 
myMatrix( 
1.17282 , 0.160359 , -0.852106 , 
1.86457 , 0.0 , -1.86457 , 
0.852106 , -0.160359 , -1.17282 
), 
myMatrix( 
1.15175 , 0.141922 , -0.867906 , 
1.87773 , 0.0 , -1.87773 , 
0.867906 , -0.141922 , -1.15175 
), 
myMatrix( 
1.13122 , 0.123707 , -0.883803 , 
1.89131 , 0.0 , -1.89131 , 
0.883803 , -0.123707 , -1.13122 
), 
myMatrix( 
1.11119 , 0.105683 , -0.899825 , 
1.90533 , 0.0 , -1.90533 , 
0.899825 , -0.105683 , -1.11119 
), 
myMatrix( 
1.09164 , 0.0878229 , -0.915997 , 
1.91982 , 0.0 , -1.91982 , 
0.915997 , -0.0878229 , -1.09164 
), 
myMatrix( 
1.07254 , 0.0700976 , -0.932344 , 
1.93479 , 0.0 , -1.93479 , 
0.932344 , -0.0700976 , -1.07254 
), 
myMatrix( 
1.05385 , 0.0524797 , -0.948893 , 
1.95026 , 0.0 , -1.95026 , 
0.948893 , -0.0524797 , -1.05385 
), 
myMatrix( 
1.03555 , 0.034942 , -0.965667 , 
1.96628 , 0.0 , -1.96628 , 
0.965667 , -0.034942 , -1.03555 
), 
myMatrix( 
1.01761 , 0.0174577 , -0.982695 , 
1.98285 , 0.0 , -1.98285 , 
0.982695 , -0.0174577 , -1.01761 
), 
myMatrix( 
1 , 0.0 , -1.0 , 
2.0 , 0.0 , -2.0 , 
1.0 , 0.0 , -1 
), 
myMatrix( 
0.982695 , -0.0174576 , -1.01761 , 
1.98285 , 0.0 , -1.98285 , 
1.01761 , 0.0174576 , -0.982695 
), 
myMatrix( 
0.965667 , -0.034942 , -1.03555 , 
1.96628 , 0.0 , -1.96628 , 
1.03555 , 0.034942 , -0.965667 
), 
myMatrix( 
0.948893 , -0.0524797 , -1.05385 , 
1.95026 , 0.0 , -1.95026 , 
1.05385 , 0.0524797 , -0.948893 
), 
myMatrix( 
0.932344 , -0.0700976 , -1.07254 , 
1.93479 , 0.0 , -1.93479 , 
1.07254 , 0.0700976 , -0.932344 
), 
myMatrix( 
0.915997 , -0.0878229 , -1.09164 , 
1.91982 , 0.0 , -1.91982 , 
1.09164 , 0.0878229 , -0.915997 
), 
myMatrix( 
0.899825 , -0.105683 , -1.11119 , 
1.90533 , 0.0 , -1.90533 , 
1.11119 , 0.105683 , -0.899825 
), 
myMatrix( 
0.883803 , -0.123707 , -1.13122 , 
1.89131 , 0.0 , -1.89131 , 
1.13122 , 0.123707 , -0.883803 
), 
myMatrix( 
0.867906 , -0.141922 , -1.15175 , 
1.87773 , 0.0 , -1.87773 , 
1.15175 , 0.141922 , -0.867906 
), 
myMatrix( 
0.852106 , -0.160359 , -1.17282 , 
1.86457 , 0.0 , -1.86457 , 
1.17282 , 0.160359 , -0.852106 
), 
myMatrix( 
0.83638 , -0.179047 , -1.19447 , 
1.85181 , 0.0 , -1.85181 , 
1.19447 , 0.179047 , -0.83638 
), 
myMatrix( 
0.820698 , -0.198019 , -1.21674 , 
1.83941 , 0.0 , -1.83941 , 
1.21674 , 0.198019 , -0.820698 
), 
myMatrix( 
0.805035 , -0.217305 , -1.23965 , 
1.82738 , 0.0 , -1.82738 , 
1.23965 , 0.217305 , -0.805035 
), 
myMatrix( 
0.789363 , -0.236941 , -1.26325 , 
1.81567 , 0.0 , -1.81567 , 
1.26325 , 0.236941 , -0.789363 
), 
myMatrix( 
0.773653 , -0.256961 , -1.28757 , 
1.80427 , 0.0 , -1.80427 , 
1.28757 , 0.256961 , -0.773653 
), 
myMatrix( 
0.757875 , -0.277401 , -1.31268 , 
1.79315 , 0.0 , -1.79315 , 
1.31268 , 0.277401 , -0.757875 
), 
myMatrix( 
0.741998 , -0.298301 , -1.3386 , 
1.7823 , 0.0 , -1.7823 , 
1.3386 , 0.298301 , -0.741998 
), 
myMatrix( 
0.725992 , -0.3197 , -1.36539 , 
1.77168 , 0.0 , -1.77168 , 
1.36539 , 0.3197 , -0.725992 
), 
myMatrix( 
0.709821 , -0.341641 , -1.3931 , 
1.76128 , 0.0 , -1.76128 , 
1.3931 , 0.341641 , -0.709821 
), 
myMatrix( 
0.693453 , -0.364168 , -1.42179 , 
1.75107 , 0.0 , -1.75107 , 
1.42179 , 0.364168 , -0.693453 
), 
myMatrix( 
0.676849 , -0.387329 , -1.45151 , 
1.74103 , 0.0 , -1.74103 , 
1.45151 , 0.387329 , -0.676849 
), 
myMatrix( 
0.659971 , -0.411174 , -1.48232 , 
1.73112 , 0.0 , -1.73112 , 
1.48232 , 0.411174 , -0.659971 
), 
myMatrix( 
0.642778 , -0.435756 , -1.51429 , 
1.72131 , 0.0 , -1.72131 , 
1.51429 , 0.435756 , -0.642778 
), 
myMatrix( 
0.625228 , -0.461133 , -1.54749 , 
1.71159 , 0.0 , -1.71159 , 
1.54749 , 0.461133 , -0.625228 
), 
myMatrix( 
0.607273 , -0.487363 , -1.582 , 
1.70191 , 0.0 , -1.70191 , 
1.582 , 0.487363 , -0.607273 
), 
myMatrix( 
0.588864 , -0.514514 , -1.61789 , 
1.69224 , 0.0 , -1.69224 , 
1.61789 , 0.514514 , -0.588864 
), 
myMatrix( 
0.56995 , -0.542652 , -1.65525 , 
1.68255 , 0.0 , -1.68255 , 
1.65525 , 0.542652 , -0.56995 
), 
myMatrix( 
0.550472 , -0.571854 , -1.69418 , 
1.6728 , 0.0 , -1.6728 , 
1.69418 , 0.571854 , -0.550472 
), 
myMatrix( 
0.530372 , -0.602198 , -1.73477 , 
1.66294 , 0.0 , -1.66294 , 
1.73477 , 0.602198 , -0.530372 
), 
myMatrix( 
0.509583 , -0.633772 , -1.77713 , 
1.65294 , 0.0 , -1.65294 , 
1.77713 , 0.633772 , -0.509583 
), 
myMatrix( 
0.488034 , -0.666667 , -1.82137 , 
1.64273 , 0.0 , -1.64273 , 
1.82137 , 0.666667 , -0.488034 
), 
myMatrix( 
0.465649 , -0.700984 , -1.86762 , 
1.63228 , 0.0 , -1.63228 , 
1.86762 , 0.700984 , -0.465649 
), 
myMatrix( 
0.442346 , -0.736833 , -1.91601 , 
1.62152 , 0.0 , -1.62152 , 
1.91601 , 0.736833 , -0.442346 
), 
myMatrix( 
0.418033 , -0.77433 , -1.96669 , 
1.6104 , 0.0 , -1.6104 , 
1.96669 , 0.77433 , -0.418033 
), 
myMatrix( 
0.392614 , -0.813604 , -2.01982 , 
1.59883 , 0.0 , -1.59883 , 
2.01982 , 0.813604 , -0.392614 
), 
myMatrix( 
0.365979 , -0.854796 , -2.07557 , 
1.58675 , 0.0 , -1.58675 , 
2.07557 , 0.854796 , -0.365979 
), 
myMatrix( 
0.338012 , -0.898056 , -2.13412 , 
1.57408 , 0.0 , -1.57408 , 
2.13412 , 0.898056 , -0.338012 
), 
myMatrix( 
0.308584 , -0.943552 , -2.19569 , 
1.56072 , 0.0 , -1.56072 , 
2.19569 , 0.943552 , -0.308584 
), 
myMatrix( 
0.277553 , -0.991466 , -2.26048 , 
1.54657 , 0.0 , -1.54657 , 
2.26048 , 0.991466 , -0.277553 
), 
myMatrix( 
0.244763 , -1.042 , -2.32876 , 
1.53152 , 0.0 , -1.53152 , 
2.32876 , 1.042 , -0.244763 
), 
myMatrix( 
0.21004 , -1.09537 , -2.40077 , 
1.51545 , 0.0 , -1.51545 , 
2.40077 , 1.09537 , -0.21004 
), 
myMatrix( 
0.173197 , -1.15182 , -2.47683 , 
1.49821 , 0.0 , -1.49821 , 
2.47683 , 1.15182 , -0.173197 
), 
myMatrix( 
0.134019 , -1.21161 , -2.55725 , 
1.47965 , 0.0 , -1.47965 , 
2.55725 , 1.21161 , -0.134019 
), 
myMatrix( 
0.0922741 , -1.27505 , -2.64238 , 
1.4596 , 0.0 , -1.4596 , 
2.64238 , 1.27505 , -0.0922741 
), 
myMatrix( 
0.047698 , -1.34247 , -2.73263 , 
1.43786 , 0.0 , -1.43786 , 
2.73263 , 1.34247 , -0.047698 
), 
myMatrix( 
0.0 , -1.41421 , -2.82843 , 
1.41421 , 0.0 , -1.41421 , 
2.82843 , 1.41421 , 0.0 
), 
myMatrix( 
-0.047698 , -1.43786 , -2.73263 , 
1.34247 , 0.0 , -1.34247 , 
2.73263 , 1.43786 , 0.047698 
), 
myMatrix( 
-0.0922744 , -1.4596 , -2.64238 , 
1.27505 , 0.0 , -1.27505 , 
2.64238 , 1.4596 , 0.0922744 
), 
myMatrix( 
-0.134019 , -1.47965 , -2.55725 , 
1.21161 , 0.0 , -1.21161 , 
2.55725 , 1.47965 , 0.134019 
), 
myMatrix( 
-0.173197 , -1.49821 , -2.47683 , 
1.15182 , 0.0 , -1.15182 , 
2.47683 , 1.49821 , 0.173197 
), 
myMatrix( 
-0.21004 , -1.51545 , -2.40077 , 
1.09537 , 0.0 , -1.09537 , 
2.40077 , 1.51545 , 0.21004 
), 
myMatrix( 
-0.244762 , -1.53152 , -2.32876 , 
1.042 , 0.0 , -1.042 , 
2.32876 , 1.53152 , 0.244762 
), 
myMatrix( 
-0.277553 , -1.54657 , -2.26048 , 
0.991466 , 0.0 , -0.991466 , 
2.26048 , 1.54657 , 0.277553 
), 
myMatrix( 
-0.308584 , -1.56072 , -2.19569 , 
0.943552 , 0.0 , -0.943552 , 
2.19569 , 1.56072 , 0.308584 
), 
myMatrix( 
-0.338012 , -1.57408 , -2.13412 , 
0.898055 , 0.0 , -0.898055 , 
2.13412 , 1.57408 , 0.338012 
), 
myMatrix( 
-0.365979 , -1.58675 , -2.07557 , 
0.854796 , 0.0 , -0.854796 , 
2.07557 , 1.58675 , 0.365979 
), 
myMatrix( 
-0.392614 , -1.59883 , -2.01982 , 
0.813604 , 0.0 , -0.813604 , 
2.01982 , 1.59883 , 0.392614 
), 
myMatrix( 
-0.418033 , -1.6104 , -1.96669 , 
0.77433 , 0.0 , -0.77433 , 
1.96669 , 1.6104 , 0.418033 
), 
myMatrix( 
-0.442346 , -1.62152 , -1.91601 , 
0.736833 , 0.0 , -0.736833 , 
1.91601 , 1.62152 , 0.442346 
), 
myMatrix( 
-0.465649 , -1.63228 , -1.86762 , 
0.700984 , 0.0 , -0.700984 , 
1.86762 , 1.63228 , 0.465649 
), 
myMatrix( 
-0.488034 , -1.64273 , -1.82137 , 
0.666667 , 0.0 , -0.666667 , 
1.82137 , 1.64273 , 0.488034 
), 
myMatrix( 
-0.509583 , -1.65294 , -1.77713 , 
0.633771 , 0.0 , -0.633771 , 
1.77713 , 1.65294 , 0.509583 
), 
myMatrix( 
-0.530372 , -1.66294 , -1.73477 , 
0.602198 , 0.0 , -0.602198 , 
1.73477 , 1.66294 , 0.530372 
), 
myMatrix( 
-0.550472 , -1.6728 , -1.69418 , 
0.571854 , 0.0 , -0.571854 , 
1.69418 , 1.6728 , 0.550472 
), 
myMatrix( 
-0.56995 , -1.68255 , -1.65525 , 
0.542652 , 0.0 , -0.542652 , 
1.65525 , 1.68255 , 0.56995 
), 
myMatrix( 
-0.588864 , -1.69224 , -1.61789 , 
0.514514 , 0.0 , -0.514514 , 
1.61789 , 1.69224 , 0.588864 
), 
myMatrix( 
-0.607273 , -1.70191 , -1.582 , 
0.487363 , 0.0 , -0.487363 , 
1.582 , 1.70191 , 0.607273 
), 
myMatrix( 
-0.625228 , -1.71159 , -1.54749 , 
0.461133 , 0.0 , -0.461133 , 
1.54749 , 1.71159 , 0.625228 
), 
myMatrix( 
-0.642779 , -1.72131 , -1.51429 , 
0.435756 , 0.0 , -0.435756 , 
1.51429 , 1.72131 , 0.642779 
), 
myMatrix( 
-0.659971 , -1.73112 , -1.48232 , 
0.411174 , 0.0 , -0.411174 , 
1.48232 , 1.73112 , 0.659971 
), 
myMatrix( 
-0.676849 , -1.74103 , -1.45151 , 
0.387329 , 0.0 , -0.387329 , 
1.45151 , 1.74103 , 0.676849 
), 
myMatrix( 
-0.693453 , -1.75107 , -1.42179 , 
0.364168 , 0.0 , -0.364168 , 
1.42179 , 1.75107 , 0.693453 
), 
myMatrix( 
-0.709821 , -1.76128 , -1.3931 , 
0.341641 , 0.0 , -0.341641 , 
1.3931 , 1.76128 , 0.709821 
), 
myMatrix( 
-0.725992 , -1.77168 , -1.36539 , 
0.3197 , 0.0 , -0.3197 , 
1.36539 , 1.77168 , 0.725992 
), 
myMatrix( 
-0.741998 , -1.7823 , -1.3386 , 
0.298301 , 0.0 , -0.298301 , 
1.3386 , 1.7823 , 0.741998 
), 
myMatrix( 
-0.757875 , -1.79315 , -1.31268 , 
0.277402 , 0.0 , -0.277402 , 
1.31268 , 1.79315 , 0.757875 
), 
myMatrix( 
-0.773653 , -1.80427 , -1.28757 , 
0.256961 , 0.0 , -0.256961 , 
1.28757 , 1.80427 , 0.773653 
), 
myMatrix( 
-0.789363 , -1.81567 , -1.26325 , 
0.236941 , 0.0 , -0.236941 , 
1.26325 , 1.81567 , 0.789363 
), 
myMatrix( 
-0.805035 , -1.82738 , -1.23965 , 
0.217305 , 0.0 , -0.217305 , 
1.23965 , 1.82738 , 0.805035 
), 
myMatrix( 
-0.820698 , -1.83941 , -1.21674 , 
0.198018 , 0.0 , -0.198018 , 
1.21674 , 1.83941 , 0.820698 
), 
myMatrix( 
-0.836379 , -1.85181 , -1.19447 , 
0.179047 , 0.0 , -0.179047 , 
1.19447 , 1.85181 , 0.836379 
), 
myMatrix( 
-0.852106 , -1.86457 , -1.17282 , 
0.160359 , 0.0 , -0.160359 , 
1.17282 , 1.86457 , 0.852106 
), 
myMatrix( 
-0.867905 , -1.87773 , -1.15175 , 
0.141922 , 0.0 , -0.141922 , 
1.15175 , 1.87773 , 0.867905 
), 
myMatrix( 
-0.883803 , -1.89131 , -1.13122 , 
0.123707 , 0.0 , -0.123707 , 
1.13122 , 1.89131 , 0.883803 
), 
myMatrix( 
-0.899825 , -1.90533 , -1.11119 , 
0.105683 , 0.0 , -0.105683 , 
1.11119 , 1.90533 , 0.899825 
), 
myMatrix( 
-0.915997 , -1.91982 , -1.09164 , 
0.0878228 , 0.0 , -0.0878228 , 
1.09164 , 1.91982 , 0.915997 
), 
myMatrix( 
-0.932344 , -1.93479 , -1.07254 , 
0.0700976 , 0.0 , -0.0700976 , 
1.07254 , 1.93479 , 0.932344 
), 
myMatrix( 
-0.948893 , -1.95026 , -1.05385 , 
0.0524798 , 0.0 , -0.0524798 , 
1.05385 , 1.95026 , 0.948893 
), 
myMatrix( 
-0.965668 , -1.96628 , -1.03555 , 
0.034942 , 0.0 , -0.034942 , 
1.03555 , 1.96628 , 0.965668 
), 
myMatrix( 
-0.982695 , -1.98285 , -1.01761 , 
0.0174578 , 0.0 , -0.0174578 , 
1.01761 , 1.98285 , 0.982695 
), 
myMatrix( 
-1.0 , -2.0 , -1 , 
0.0 , 0.0 , 0.0 , 
1 , 2.0 , 1.0 
), 
myMatrix( 
-1.01761 , -1.98285 , -0.982695 , 
-0.0174577 , 0.0 , 0.0174577 , 
0.982695 , 1.98285 , 1.01761 
), 
myMatrix( 
-1.03555 , -1.96628 , -0.965668 , 
-0.0349419 , 0.0 , 0.0349419 , 
0.965668 , 1.96628 , 1.03555 
), 
myMatrix( 
-1.05385 , -1.95026 , -0.948893 , 
-0.0524797 , 0.0 , 0.0524797 , 
0.948893 , 1.95026 , 1.05385 
), 
myMatrix( 
-1.07254 , -1.93479 , -0.932344 , 
-0.0700975 , 0.0 , 0.0700975 , 
0.932344 , 1.93479 , 1.07254 
), 
myMatrix( 
-1.09164 , -1.91982 , -0.915997 , 
-0.0878229 , 0.0 , 0.0878229 , 
0.915997 , 1.91982 , 1.09164 
), 
myMatrix( 
-1.11119 , -1.90533 , -0.899825 , 
-0.105683 , 0.0 , 0.105683 , 
0.899825 , 1.90533 , 1.11119 
), 
myMatrix( 
-1.13122 , -1.89131 , -0.883803 , 
-0.123707 , 0.0 , 0.123707 , 
0.883803 , 1.89131 , 1.13122 
), 
myMatrix( 
-1.15175 , -1.87773 , -0.867906 , 
-0.141922 , 0.0 , 0.141922 , 
0.867906 , 1.87773 , 1.15175 
), 
myMatrix( 
-1.17282 , -1.86457 , -0.852107 , 
-0.160359 , 0.0 , 0.160359 , 
0.852107 , 1.86457 , 1.17282 
), 
myMatrix( 
-1.19447 , -1.85181 , -0.83638 , 
-0.179047 , 0.0 , 0.179047 , 
0.83638 , 1.85181 , 1.19447 
), 
myMatrix( 
-1.21674 , -1.83941 , -0.820698 , 
-0.198018 , 0.0 , 0.198018 , 
0.820698 , 1.83941 , 1.21674 
), 
myMatrix( 
-1.23965 , -1.82738 , -0.805035 , 
-0.217305 , 0.0 , 0.217305 , 
0.805035 , 1.82738 , 1.23965 
), 
myMatrix( 
-1.26325 , -1.81567 , -0.789363 , 
-0.236941 , 0.0 , 0.236941 , 
0.789363 , 1.81567 , 1.26325 
), 
myMatrix( 
-1.28757 , -1.80427 , -0.773653 , 
-0.256961 , 0.0 , 0.256961 , 
0.773653 , 1.80427 , 1.28757 
), 
myMatrix( 
-1.31268 , -1.79315 , -0.757875 , 
-0.277402 , 0.0 , 0.277402 , 
0.757875 , 1.79315 , 1.31268 
), 
myMatrix( 
-1.3386 , -1.7823 , -0.741998 , 
-0.298301 , 0.0 , 0.298301 , 
0.741998 , 1.7823 , 1.3386 
), 
myMatrix( 
-1.36539 , -1.77168 , -0.725992 , 
-0.3197 , 0.0 , 0.3197 , 
0.725992 , 1.77168 , 1.36539 
), 
myMatrix( 
-1.3931 , -1.76128 , -0.709821 , 
-0.341641 , 0.0 , 0.341641 , 
0.709821 , 1.76128 , 1.3931 
), 
myMatrix( 
-1.42179 , -1.75107 , -0.693452 , 
-0.364168 , 0.0 , 0.364168 , 
0.693452 , 1.75107 , 1.42179 
), 
myMatrix( 
-1.45151 , -1.74103 , -0.676849 , 
-0.387329 , 0.0 , 0.387329 , 
0.676849 , 1.74103 , 1.45151 
), 
myMatrix( 
-1.48232 , -1.73112 , -0.659971 , 
-0.411174 , 0.0 , 0.411174 , 
0.659971 , 1.73112 , 1.48232 
), 
myMatrix( 
-1.51429 , -1.72131 , -0.642778 , 
-0.435756 , 0.0 , 0.435756 , 
0.642778 , 1.72131 , 1.51429 
), 
myMatrix( 
-1.54749 , -1.71159 , -0.625228 , 
-0.461132 , 0.0 , 0.461132 , 
0.625228 , 1.71159 , 1.54749 
), 
myMatrix( 
-1.582 , -1.70191 , -0.607273 , 
-0.487364 , 0.0 , 0.487364 , 
0.607273 , 1.70191 , 1.582 
), 
myMatrix( 
-1.61789 , -1.69224 , -0.588864 , 
-0.514513 , 0.0 , 0.514513 , 
0.588864 , 1.69224 , 1.61789 
), 
myMatrix( 
-1.65525 , -1.68255 , -0.56995 , 
-0.542652 , 0.0 , 0.542652 , 
0.56995 , 1.68255 , 1.65525 
), 
myMatrix( 
-1.69418 , -1.6728 , -0.550472 , 
-0.571854 , 0.0 , 0.571854 , 
0.550472 , 1.6728 , 1.69418 
), 
myMatrix( 
-1.73477 , -1.66294 , -0.530372 , 
-0.602198 , 0.0 , 0.602198 , 
0.530372 , 1.66294 , 1.73477 
), 
myMatrix( 
-1.77713 , -1.65294 , -0.509583 , 
-0.633772 , 0.0 , 0.633772 , 
0.509583 , 1.65294 , 1.77713 
), 
myMatrix( 
-1.82137 , -1.64273 , -0.488034 , 
-0.666667 , 0.0 , 0.666667 , 
0.488034 , 1.64273 , 1.82137 
), 
myMatrix( 
-1.86762 , -1.63228 , -0.46565 , 
-0.700984 , 0.0 , 0.700984 , 
0.46565 , 1.63228 , 1.86762 
), 
myMatrix( 
-1.91601 , -1.62152 , -0.442346 , 
-0.736832 , 0.0 , 0.736832 , 
0.442346 , 1.62152 , 1.91601 
), 
myMatrix( 
-1.96669 , -1.6104 , -0.418034 , 
-0.774329 , 0.0 , 0.774329 , 
0.418034 , 1.6104 , 1.96669 
), 
myMatrix( 
-2.01982 , -1.59883 , -0.392613 , 
-0.813605 , 0.0 , 0.813605 , 
0.392613 , 1.59883 , 2.01982 
), 
myMatrix( 
-2.07557 , -1.58675 , -0.365979 , 
-0.854795 , 0.0 , 0.854795 , 
0.365979 , 1.58675 , 2.07557 
), 
myMatrix( 
-2.13412 , -1.57408 , -0.338012 , 
-0.898056 , 0.0 , 0.898056 , 
0.338012 , 1.57408 , 2.13412 
), 
myMatrix( 
-2.19569 , -1.56072 , -0.308584 , 
-0.943552 , 0.0 , 0.943552 , 
0.308584 , 1.56072 , 2.19569 
), 
myMatrix( 
-2.26048 , -1.54657 , -0.277553 , 
-0.991465 , 0.0 , 0.991465 , 
0.277553 , 1.54657 , 2.26048 
), 
myMatrix( 
-2.32876 , -1.53152 , -0.244762 , 
-1.042 , 0.0 , 1.042 , 
0.244762 , 1.53152 , 2.32876 
), 
myMatrix( 
-2.40077 , -1.51545 , -0.210041 , 
-1.09537 , 0.0 , 1.09537 , 
0.210041 , 1.51545 , 2.40077 
), 
myMatrix( 
-2.47683 , -1.49821 , -0.173197 , 
-1.15182 , 0.0 , 1.15182 , 
0.173197 , 1.49821 , 2.47683 
), 
myMatrix( 
-2.55725 , -1.47965 , -0.134019 , 
-1.21161 , 0.0 , 1.21161 , 
0.134019 , 1.47965 , 2.55725 
), 
myMatrix( 
-2.64238 , -1.4596 , -0.0922744 , 
-1.27505 , 0.0 , 1.27505 , 
0.0922744 , 1.4596 , 2.64238 
), 
myMatrix( 
-2.73263 , -1.43786 , -0.0476982 , 
-1.34247 , 0.0 , 1.34247 , 
0.0476982 , 1.43786 , 2.73263 
), 
myMatrix( 
-2.82843 , -1.41421 , 0.0 , 
-1.41421 , 0.0 , 1.41421 , 
0.0 , 1.41421 , 2.82843 
), 
myMatrix( 
-2.73263 , -1.34247 , 0.0476982 , 
-1.43786 , 0.0 , 1.43786 , 
-0.0476982 , 1.34247 , 2.73263 
), 
myMatrix( 
-2.64238 , -1.27505 , 0.0922738 , 
-1.4596 , 0.0 , 1.4596 , 
-0.0922738 , 1.27505 , 2.64238 
), 
myMatrix( 
-2.55725 , -1.21161 , 0.13402 , 
-1.47965 , 0.0 , 1.47965 , 
-0.13402 , 1.21161 , 2.55725 
), 
myMatrix( 
-2.47683 , -1.15182 , 0.173197 , 
-1.49821 , 0.0 , 1.49821 , 
-0.173197 , 1.15182 , 2.47683 
), 
myMatrix( 
-2.40077 , -1.09537 , 0.210041 , 
-1.51545 , 0.0 , 1.51545 , 
-0.210041 , 1.09537 , 2.40077 
), 
myMatrix( 
-2.32876 , -1.042 , 0.244763 , 
-1.53152 , 0.0 , 1.53152 , 
-0.244763 , 1.042 , 2.32876 
), 
myMatrix( 
-2.26048 , -0.991466 , 0.277552 , 
-1.54657 , 0.0 , 1.54657 , 
-0.277552 , 0.991466 , 2.26048 
), 
myMatrix( 
-2.19569 , -0.943552 , 0.308583 , 
-1.56072 , 0.0 , 1.56072 , 
-0.308583 , 0.943552 , 2.19569 
), 
myMatrix( 
-2.13412 , -0.898055 , 0.338012 , 
-1.57408 , 0.0 , 1.57408 , 
-0.338012 , 0.898055 , 2.13412 
), 
myMatrix( 
-2.07557 , -0.854795 , 0.365979 , 
-1.58675 , 0.0 , 1.58675 , 
-0.365979 , 0.854795 , 2.07557 
), 
myMatrix( 
-2.01982 , -0.813604 , 0.392614 , 
-1.59883 , 0.0 , 1.59883 , 
-0.392614 , 0.813604 , 2.01982 
), 
myMatrix( 
-1.96669 , -0.77433 , 0.418033 , 
-1.6104 , 0.0 , 1.6104 , 
-0.418033 , 0.77433 , 1.96669 
), 
myMatrix( 
-1.91601 , -0.736833 , 0.442346 , 
-1.62152 , 0.0 , 1.62152 , 
-0.442346 , 0.736833 , 1.91601 
), 
myMatrix( 
-1.86762 , -0.700984 , 0.46565 , 
-1.63228 , 0.0 , 1.63228 , 
-0.46565 , 0.700984 , 1.86762 
), 
myMatrix( 
-1.82137 , -0.666667 , 0.488034 , 
-1.64273 , 0.0 , 1.64273 , 
-0.488034 , 0.666667 , 1.82137 
), 
myMatrix( 
-1.77713 , -0.633772 , 0.509583 , 
-1.65294 , 0.0 , 1.65294 , 
-0.509583 , 0.633772 , 1.77713 
), 
myMatrix( 
-1.73477 , -0.602198 , 0.530372 , 
-1.66294 , 0.0 , 1.66294 , 
-0.530372 , 0.602198 , 1.73477 
), 
myMatrix( 
-1.69418 , -0.571854 , 0.550472 , 
-1.6728 , 0.0 , 1.6728 , 
-0.550472 , 0.571854 , 1.69418 
), 
myMatrix( 
-1.65525 , -0.542652 , 0.56995 , 
-1.68255 , 0.0 , 1.68255 , 
-0.56995 , 0.542652 , 1.65525 
), 
myMatrix( 
-1.61789 , -0.514513 , 0.588865 , 
-1.69224 , 0.0 , 1.69224 , 
-0.588865 , 0.514513 , 1.61789 
), 
myMatrix( 
-1.582 , -0.487364 , 0.607273 , 
-1.70191 , 0.0 , 1.70191 , 
-0.607273 , 0.487364 , 1.582 
), 
myMatrix( 
-1.54749 , -0.461133 , 0.625228 , 
-1.71159 , 0.0 , 1.71159 , 
-0.625228 , 0.461133 , 1.54749 
), 
myMatrix( 
-1.51429 , -0.435757 , 0.642778 , 
-1.72131 , 0.0 , 1.72131 , 
-0.642778 , 0.435757 , 1.51429 
), 
myMatrix( 
-1.48232 , -0.411174 , 0.659971 , 
-1.73112 , 0.0 , 1.73112 , 
-0.659971 , 0.411174 , 1.48232 
), 
myMatrix( 
-1.45151 , -0.387329 , 0.676849 , 
-1.74103 , 0.0 , 1.74103 , 
-0.676849 , 0.387329 , 1.45151 
), 
myMatrix( 
-1.42179 , -0.364168 , 0.693453 , 
-1.75107 , 0.0 , 1.75107 , 
-0.693453 , 0.364168 , 1.42179 
), 
myMatrix( 
-1.3931 , -0.341641 , 0.709821 , 
-1.76128 , 0.0 , 1.76128 , 
-0.709821 , 0.341641 , 1.3931 
), 
myMatrix( 
-1.36539 , -0.3197 , 0.725991 , 
-1.77168 , 0.0 , 1.77168 , 
-0.725991 , 0.3197 , 1.36539 
), 
myMatrix( 
-1.3386 , -0.298301 , 0.741998 , 
-1.7823 , 0.0 , 1.7823 , 
-0.741998 , 0.298301 , 1.3386 
), 
myMatrix( 
-1.31268 , -0.277401 , 0.757875 , 
-1.79315 , 0.0 , 1.79315 , 
-0.757875 , 0.277401 , 1.31268 
), 
myMatrix( 
-1.28757 , -0.256961 , 0.773653 , 
-1.80427 , 0.0 , 1.80427 , 
-0.773653 , 0.256961 , 1.28757 
), 
myMatrix( 
-1.26325 , -0.236941 , 0.789363 , 
-1.81567 , 0.0 , 1.81567 , 
-0.789363 , 0.236941 , 1.26325 
), 
myMatrix( 
-1.23965 , -0.217305 , 0.805035 , 
-1.82738 , 0.0 , 1.82738 , 
-0.805035 , 0.217305 , 1.23965 
), 
myMatrix( 
-1.21674 , -0.198018 , 0.820698 , 
-1.83942 , 0.0 , 1.83942 , 
-0.820698 , 0.198018 , 1.21674 
), 
myMatrix( 
-1.19447 , -0.179047 , 0.83638 , 
-1.85181 , 0.0 , 1.85181 , 
-0.83638 , 0.179047 , 1.19447 
), 
myMatrix( 
-1.17282 , -0.160359 , 0.852106 , 
-1.86457 , 0.0 , 1.86457 , 
-0.852106 , 0.160359 , 1.17282 
), 
myMatrix( 
-1.15175 , -0.141922 , 0.867905 , 
-1.87773 , 0.0 , 1.87773 , 
-0.867905 , 0.141922 , 1.15175 
), 
myMatrix( 
-1.13122 , -0.123706 , 0.883803 , 
-1.89131 , 0.0 , 1.89131 , 
-0.883803 , 0.123706 , 1.13122 
), 
myMatrix( 
-1.11119 , -0.105683 , 0.899825 , 
-1.90533 , 0.0 , 1.90533 , 
-0.899825 , 0.105683 , 1.11119 
), 
myMatrix( 
-1.09164 , -0.0878228 , 0.915997 , 
-1.91982 , 0.0 , 1.91982 , 
-0.915997 , 0.0878228 , 1.09164 
), 
myMatrix( 
-1.07254 , -0.0700976 , 0.932344 , 
-1.93479 , 0.0 , 1.93479 , 
-0.932344 , 0.0700976 , 1.07254 
), 
myMatrix( 
-1.05385 , -0.0524799 , 0.948892 , 
-1.95026 , 0.0 , 1.95026 , 
-0.948892 , 0.0524799 , 1.05385 
), 
myMatrix( 
-1.03555 , -0.0349418 , 0.965668 , 
-1.96628 , 0.0 , 1.96628 , 
-0.965668 , 0.0349418 , 1.03555 
), 
myMatrix( 
-1.01761 , -0.0174576 , 0.982695 , 
-1.98285 , 0.0 , 1.98285 , 
-0.982695 , 0.0174576 , 1.01761 
), 
myMatrix( 
-1.0 , 0.0 , 1.0 , 
-2.0 , 0.0 , 2.0 , 
-1.0 , 0.0 , 1.0 
), 
myMatrix( 
-0.982695 , 0.0174576 , 1.01761 , 
-1.98285 , 0.0 , 1.98285 , 
-1.01761 , -0.0174576 , 0.982695 
), 
myMatrix( 
-0.965668 , 0.0349419 , 1.03555 , 
-1.96628 , 0.0 , 1.96628 , 
-1.03555 , -0.0349419 , 0.965668 
), 
myMatrix( 
-0.948892 , 0.0524799 , 1.05385 , 
-1.95026 , 0.0 , 1.95026 , 
-1.05385 , -0.0524799 , 0.948892 
), 
myMatrix( 
-0.932344 , 0.0700977 , 1.07254 , 
-1.93479 , 0.0 , 1.93479 , 
-1.07254 , -0.0700977 , 0.932344 
), 
myMatrix( 
-0.915997 , 0.0878228 , 1.09164 , 
-1.91982 , 0.0 , 1.91982 , 
-1.09164 , -0.0878228 , 0.915997 
), 
myMatrix( 
-0.899825 , 0.105683 , 1.11119 , 
-1.90533 , 0.0 , 1.90533 , 
-1.11119 , -0.105683 , 0.899825 
), 
myMatrix( 
-0.883803 , 0.123706 , 1.13122 , 
-1.89131 , 0.0 , 1.89131 , 
-1.13122 , -0.123706 , 0.883803 
), 
myMatrix( 
-0.867905 , 0.141922 , 1.15175 , 
-1.87773 , 0.0 , 1.87773 , 
-1.15175 , -0.141922 , 0.867905 
), 
myMatrix( 
-0.852106 , 0.160359 , 1.17282 , 
-1.86457 , 0.0 , 1.86457 , 
-1.17282 , -0.160359 , 0.852106 
), 
myMatrix( 
-0.83638 , 0.179047 , 1.19447 , 
-1.85181 , 0.0 , 1.85181 , 
-1.19447 , -0.179047 , 0.83638 
), 
myMatrix( 
-0.820698 , 0.198018 , 1.21674 , 
-1.83942 , 0.0 , 1.83942 , 
-1.21674 , -0.198018 , 0.820698 
), 
myMatrix( 
-0.805036 , 0.217305 , 1.23965 , 
-1.82738 , 0.0 , 1.82738 , 
-1.23965 , -0.217305 , 0.805036 
), 
myMatrix( 
-0.789363 , 0.236941 , 1.26325 , 
-1.81567 , 0.0 , 1.81567 , 
-1.26325 , -0.236941 , 0.789363 
), 
myMatrix( 
-0.773653 , 0.256961 , 1.28757 , 
-1.80427 , 0.0 , 1.80427 , 
-1.28757 , -0.256961 , 0.773653 
), 
myMatrix( 
-0.757875 , 0.277401 , 1.31268 , 
-1.79315 , 0.0 , 1.79315 , 
-1.31268 , -0.277401 , 0.757875 
), 
myMatrix( 
-0.741998 , 0.298301 , 1.3386 , 
-1.7823 , 0.0 , 1.7823 , 
-1.3386 , -0.298301 , 0.741998 
), 
myMatrix( 
-0.725992 , 0.3197 , 1.36539 , 
-1.77168 , 0.0 , 1.77168 , 
-1.36539 , -0.3197 , 0.725992 
), 
myMatrix( 
-0.709821 , 0.341641 , 1.3931 , 
-1.76128 , 0.0 , 1.76128 , 
-1.3931 , -0.341641 , 0.709821 
), 
myMatrix( 
-0.693453 , 0.364168 , 1.42179 , 
-1.75107 , 0.0 , 1.75107 , 
-1.42179 , -0.364168 , 0.693453 
), 
myMatrix( 
-0.676849 , 0.387329 , 1.45151 , 
-1.74103 , 0.0 , 1.74103 , 
-1.45151 , -0.387329 , 0.676849 
), 
myMatrix( 
-0.659971 , 0.411174 , 1.48232 , 
-1.73112 , 0.0 , 1.73112 , 
-1.48232 , -0.411174 , 0.659971 
), 
myMatrix( 
-0.642778 , 0.435757 , 1.51429 , 
-1.72131 , 0.0 , 1.72131 , 
-1.51429 , -0.435757 , 0.642778 
), 
myMatrix( 
-0.625228 , 0.461133 , 1.54749 , 
-1.71159 , 0.0 , 1.71159 , 
-1.54749 , -0.461133 , 0.625228 
), 
myMatrix( 
-0.607273 , 0.487364 , 1.582 , 
-1.70191 , 0.0 , 1.70191 , 
-1.582 , -0.487364 , 0.607273 
), 
myMatrix( 
-0.588865 , 0.514513 , 1.61789 , 
-1.69224 , 0.0 , 1.69224 , 
-1.61789 , -0.514513 , 0.588865 
), 
myMatrix( 
-0.56995 , 0.542652 , 1.65525 , 
-1.68255 , 0.0 , 1.68255 , 
-1.65525 , -0.542652 , 0.56995 
), 
myMatrix( 
-0.550472 , 0.571854 , 1.69418 , 
-1.6728 , 0.0 , 1.6728 , 
-1.69418 , -0.571854 , 0.550472 
), 
myMatrix( 
-0.530372 , 0.602198 , 1.73477 , 
-1.66294 , 0.0 , 1.66294 , 
-1.73477 , -0.602198 , 0.530372 
), 
myMatrix( 
-0.509582 , 0.633772 , 1.77713 , 
-1.65294 , 0.0 , 1.65294 , 
-1.77713 , -0.633772 , 0.509582 
), 
myMatrix( 
-0.488034 , 0.666667 , 1.82137 , 
-1.64273 , 0.0 , 1.64273 , 
-1.82137 , -0.666667 , 0.488034 
), 
myMatrix( 
-0.46565 , 0.700984 , 1.86762 , 
-1.63228 , 0.0 , 1.63228 , 
-1.86762 , -0.700984 , 0.46565 
), 
myMatrix( 
-0.442346 , 0.736833 , 1.91601 , 
-1.62152 , 0.0 , 1.62152 , 
-1.91601 , -0.736833 , 0.442346 
), 
myMatrix( 
-0.418033 , 0.77433 , 1.96669 , 
-1.6104 , 0.0 , 1.6104 , 
-1.96669 , -0.77433 , 0.418033 
), 
myMatrix( 
-0.392614 , 0.813604 , 2.01982 , 
-1.59883 , 0.0 , 1.59883 , 
-2.01982 , -0.813604 , 0.392614 
), 
myMatrix( 
-0.365979 , 0.854795 , 2.07557 , 
-1.58675 , 0.0 , 1.58675 , 
-2.07557 , -0.854795 , 0.365979 
), 
myMatrix( 
-0.338012 , 0.898055 , 2.13412 , 
-1.57408 , 0.0 , 1.57408 , 
-2.13412 , -0.898055 , 0.338012 
), 
myMatrix( 
-0.308583 , 0.943552 , 2.19569 , 
-1.56072 , 0.0 , 1.56072 , 
-2.19569 , -0.943552 , 0.308583 
), 
myMatrix( 
-0.277552 , 0.991466 , 2.26048 , 
-1.54657 , 0.0 , 1.54657 , 
-2.26048 , -0.991466 , 0.277552 
), 
myMatrix( 
-0.244762 , 1.042 , 2.32876 , 
-1.53152 , 0.0 , 1.53152 , 
-2.32876 , -1.042 , 0.244762 
), 
myMatrix( 
-0.210041 , 1.09537 , 2.40077 , 
-1.51545 , 0.0 , 1.51545 , 
-2.40077 , -1.09537 , 0.210041 
), 
myMatrix( 
-0.173197 , 1.15182 , 2.47683 , 
-1.49821 , 0.0 , 1.49821 , 
-2.47683 , -1.15182 , 0.173197 
), 
myMatrix( 
-0.134019 , 1.21161 , 2.55725 , 
-1.47965 , 0.0 , 1.47965 , 
-2.55725 , -1.21161 , 0.134019 
), 
myMatrix( 
-0.0922736 , 1.27505 , 2.64238 , 
-1.4596 , 0.0 , 1.4596 , 
-2.64238 , -1.27505 , 0.0922736 
), 
myMatrix( 
-0.0476982 , 1.34247 , 2.73263 , 
-1.43786 , 0.0 , 1.43786 , 
-2.73263 , -1.34247 , 0.0476982 
), 
myMatrix( 
0.0 , 1.41421 , 2.82843 , 
-1.41421 , 0.0 , 1.41421 , 
-2.82843 , -1.41421 , 0.0 
), 
myMatrix( 
0.047699 , 1.43786 , 2.73263 , 
-1.34246 , 0.0 , 1.34246 , 
-2.73263 , -1.43786 , -0.047699 
), 
myMatrix( 
0.0922741 , 1.4596 , 2.64238 , 
-1.27505 , 0.0 , 1.27505 , 
-2.64238 , -1.4596 , -0.0922741 
), 
myMatrix( 
0.13402 , 1.47965 , 2.55725 , 
-1.21161 , 0.0 , 1.21161 , 
-2.55725 , -1.47965 , -0.13402 
), 
myMatrix( 
0.173197 , 1.49821 , 2.47683 , 
-1.15182 , 0.0 , 1.15182 , 
-2.47683 , -1.49821 , -0.173197 
), 
myMatrix( 
0.21004 , 1.51545 , 2.40077 , 
-1.09537 , 0.0 , 1.09537 , 
-2.40077 , -1.51545 , -0.21004 
), 
myMatrix( 
0.244763 , 1.53152 , 2.32876 , 
-1.042 , 0.0 , 1.042 , 
-2.32876 , -1.53152 , -0.244763 
), 
myMatrix( 
0.277553 , 1.54657 , 2.26048 , 
-0.991465 , 0.0 , 0.991465 , 
-2.26048 , -1.54657 , -0.277553 
), 
myMatrix( 
0.308584 , 1.56072 , 2.19569 , 
-0.943551 , 0.0 , 0.943551 , 
-2.19569 , -1.56072 , -0.308584 
), 
myMatrix( 
0.338012 , 1.57408 , 2.13412 , 
-0.898056 , 0.0 , 0.898056 , 
-2.13412 , -1.57408 , -0.338012 
), 
myMatrix( 
0.365979 , 1.58675 , 2.07557 , 
-0.854796 , 0.0 , 0.854796 , 
-2.07557 , -1.58675 , -0.365979 
), 
myMatrix( 
0.392614 , 1.59883 , 2.01982 , 
-0.813604 , 0.0 , 0.813604 , 
-2.01982 , -1.59883 , -0.392614 
), 
myMatrix( 
0.418034 , 1.6104 , 1.96669 , 
-0.77433 , 0.0 , 0.77433 , 
-1.96669 , -1.6104 , -0.418034 
), 
myMatrix( 
0.442346 , 1.62152 , 1.91601 , 
-0.736832 , 0.0 , 0.736832 , 
-1.91601 , -1.62152 , -0.442346 
), 
myMatrix( 
0.465649 , 1.63228 , 1.86762 , 
-0.700984 , 0.0 , 0.700984 , 
-1.86762 , -1.63228 , -0.465649 
), 
myMatrix( 
0.488034 , 1.64273 , 1.82137 , 
-0.666667 , 0.0 , 0.666667 , 
-1.82137 , -1.64273 , -0.488034 
), 
myMatrix( 
0.509583 , 1.65294 , 1.77713 , 
-0.633771 , 0.0 , 0.633771 , 
-1.77713 , -1.65294 , -0.509583 
), 
myMatrix( 
0.530372 , 1.66294 , 1.73477 , 
-0.602198 , 0.0 , 0.602198 , 
-1.73477 , -1.66294 , -0.530372 
), 
myMatrix( 
0.550472 , 1.6728 , 1.69418 , 
-0.571854 , 0.0 , 0.571854 , 
-1.69418 , -1.6728 , -0.550472 
), 
myMatrix( 
0.56995 , 1.68255 , 1.65525 , 
-0.542652 , 0.0 , 0.542652 , 
-1.65525 , -1.68255 , -0.56995 
), 
myMatrix( 
0.588864 , 1.69224 , 1.61789 , 
-0.514514 , 0.0 , 0.514514 , 
-1.61789 , -1.69224 , -0.588864 
), 
myMatrix( 
0.607273 , 1.70191 , 1.582 , 
-0.487363 , 0.0 , 0.487363 , 
-1.582 , -1.70191 , -0.607273 
), 
myMatrix( 
0.625228 , 1.71159 , 1.54749 , 
-0.461133 , 0.0 , 0.461133 , 
-1.54749 , -1.71159 , -0.625228 
), 
myMatrix( 
0.642779 , 1.72131 , 1.51429 , 
-0.435756 , 0.0 , 0.435756 , 
-1.51429 , -1.72131 , -0.642779 
), 
myMatrix( 
0.659971 , 1.73112 , 1.48232 , 
-0.411174 , 0.0 , 0.411174 , 
-1.48232 , -1.73112 , -0.659971 
), 
myMatrix( 
0.676848 , 1.74103 , 1.45151 , 
-0.387329 , 0.0 , 0.387329 , 
-1.45151 , -1.74103 , -0.676848 
), 
myMatrix( 
0.693453 , 1.75107 , 1.42179 , 
-0.364168 , 0.0 , 0.364168 , 
-1.42179 , -1.75107 , -0.693453 
), 
myMatrix( 
0.709821 , 1.76128 , 1.3931 , 
-0.341641 , 0.0 , 0.341641 , 
-1.3931 , -1.76128 , -0.709821 
), 
myMatrix( 
0.725992 , 1.77168 , 1.36539 , 
-0.3197 , 0.0 , 0.3197 , 
-1.36539 , -1.77168 , -0.725992 
), 
myMatrix( 
0.741998 , 1.7823 , 1.3386 , 
-0.298301 , 0.0 , 0.298301 , 
-1.3386 , -1.7823 , -0.741998 
), 
myMatrix( 
0.757875 , 1.79315 , 1.31268 , 
-0.277401 , 0.0 , 0.277401 , 
-1.31268 , -1.79315 , -0.757875 
), 
myMatrix( 
0.773653 , 1.80427 , 1.28757 , 
-0.256961 , 0.0 , 0.256961 , 
-1.28757 , -1.80427 , -0.773653 
), 
myMatrix( 
0.789363 , 1.81567 , 1.26325 , 
-0.236941 , 0.0 , 0.236941 , 
-1.26325 , -1.81567 , -0.789363 
), 
myMatrix( 
0.805035 , 1.82738 , 1.23965 , 
-0.217305 , 0.0 , 0.217305 , 
-1.23965 , -1.82738 , -0.805035 
), 
myMatrix( 
0.820698 , 1.83941 , 1.21674 , 
-0.198019 , 0.0 , 0.198019 , 
-1.21674 , -1.83941 , -0.820698 
), 
myMatrix( 
0.83638 , 1.85181 , 1.19447 , 
-0.179047 , 0.0 , 0.179047 , 
-1.19447 , -1.85181 , -0.83638 
), 
myMatrix( 
0.852107 , 1.86457 , 1.17282 , 
-0.160359 , 0.0 , 0.160359 , 
-1.17282 , -1.86457 , -0.852107 
), 
myMatrix( 
0.867906 , 1.87773 , 1.15175 , 
-0.141922 , 0.0 , 0.141922 , 
-1.15175 , -1.87773 , -0.867906 
), 
myMatrix( 
0.883803 , 1.89131 , 1.13122 , 
-0.123707 , 0.0 , 0.123707 , 
-1.13122 , -1.89131 , -0.883803 
), 
myMatrix( 
0.899825 , 1.90533 , 1.11119 , 
-0.105683 , 0.0 , 0.105683 , 
-1.11119 , -1.90533 , -0.899825 
), 
myMatrix( 
0.915997 , 1.91982 , 1.09164 , 
-0.0878227 , 0.0 , 0.0878227 , 
-1.09164 , -1.91982 , -0.915997 
), 
myMatrix( 
0.932344 , 1.93479 , 1.07254 , 
-0.0700975 , 0.0 , 0.0700975 , 
-1.07254 , -1.93479 , -0.932344 
), 
myMatrix( 
0.948893 , 1.95026 , 1.05385 , 
-0.0524797 , 0.0 , 0.0524797 , 
-1.05385 , -1.95026 , -0.948893 
), 
myMatrix( 
0.965667 , 1.96628 , 1.03555 , 
-0.0349422 , 0.0 , 0.0349422 , 
-1.03555 , -1.96628 , -0.965667 
), 
myMatrix( 
0.982694 , 1.98285 , 1.01761 , 
-0.0174579 , 0.0 , 0.0174579 , 
-1.01761 , -1.98285 , -0.982694 
)
